t=csvread('t_log.csv');
x=csvread('x_log.csv');
t=t(2515:length(t))

t =

   30.1823
   30.1941
   30.2062
   30.2177
   30.2301
   30.2419
   30.2541
   30.2658
   30.2782
   30.2899
   30.3023
   30.3139
   30.3262
   30.3379
   30.3501
   30.3617
   30.3743
   30.3859
   30.3984
   30.4097
   30.4221
   30.4337
   30.4466
   30.4578
   30.4702
   30.4817
   30.4941
   30.5057
   30.5184
   30.5298
   30.5421
   30.5537
   30.5663
   30.5778
   30.5902
   30.6019
   30.6143
   30.6259
   30.6383
   30.6499
   30.6623
   30.6737
   30.6863
   30.6979
   30.7103
   30.7218
   30.7342
   30.7458
   30.7581
   30.7698
   30.7821
   30.7939
   30.8061
   30.8180
   30.8302
   30.8418
   30.8541
   30.8660
   30.8784
   30.8898
   30.9022
   30.9138
   30.9262
   30.9378
   30.9503
   30.9619
   30.9743
   30.9859
   30.9983
   31.0097
   31.0224
   31.0339
   31.0463
   31.0579
   31.0702
   31.0820
   31.0943
   31.1060
   31.1181
   31.1298
   31.1422
   31.1538
   31.1662
   31.1778
   31.1901
   31.2019
   31.2143
   31.2259
   31.2383
   31.2498
   31.2621
   31.2739
   31.2863
   31.2979
   31.3103
   31.3219
   31.3343
   31.3459
   31.3583
   31.3700
   31.3824
   31.3939
   31.4063
   31.4178
   31.4302
   31.4420
   31.4543
   31.4658
   31.4782
   31.4898
   31.5022
   31.5139
   31.5263
   31.5379
   31.5503
   31.5619
   31.5742
   31.5860
   31.5984
   31.6100
   31.6224
   31.6340
   31.6463
   31.6579
   31.6703
   31.6819
   31.6943
   31.7059
   31.7183
   31.7298
   31.7422
   31.7538
   31.7662
   31.7780
   31.7902
   31.8018
   31.8142
   31.8260
   31.8384
   31.8500
   31.8624
   31.8740
   31.8863
   31.8979
   31.9103
   31.9219
   31.9343
   31.9460
   31.9584
   31.9699
   31.9824
   31.9940
   32.0064
   32.0180
   32.0303
   32.0420
   32.0544
   32.0659
   32.0785
   32.0900
   32.1022
   32.1138
   32.1262
   32.1378
   32.1502
   32.1620
   32.1742
   32.1860
   32.1984
   32.2099
   32.2223
   32.2339
   32.2463
   32.2579
   32.2702
   32.2818
   32.2942
   32.3060
   32.3184
   32.3298
   32.3424
   32.3538
   32.3662
   32.3780
   32.3903
   32.4019
   32.4142
   32.4259
   32.4384
   32.4499
   32.4624
   32.4738
   32.4862
   32.4978
   32.5102
   32.5220
   32.5342
   32.5458
   32.5584
   32.5699
   32.5824
   32.5939
   32.6063
   32.6179
   32.6303
   32.6419
   32.6543
   32.6658
   32.6782
   32.6899
   32.7024
   32.7139
   32.7263
   32.7379
   32.7503
   32.7618
   32.7742
   32.7860
   32.7984
   32.8099
   32.8225
   32.8339
   32.8463
   32.8579
   32.8703
   32.8819
   32.8943
   32.9059
   32.9182
   32.9300
   32.9424
   32.9540
   32.9663
   32.9779
   32.9903
   33.0019
   33.0143
   33.0258
   33.0384
   33.0500
   33.0624
   33.0740
   33.0863
   33.0979
   33.1103
   33.1219
   33.1344
   33.1460
   33.1584
   33.1701
   33.1822
   33.1939
   33.2063
   33.2180
   33.2303
   33.2420
   33.2544
   33.2659
   33.2784
   33.2900
   33.3024
   33.3140
   33.3263
   33.3379
   33.3503
   33.3619
   33.3743
   33.3858
   33.3985
   33.4101
   33.4224
   33.4340
   33.4465
   33.4580
   33.4702
   33.4820
   33.4944
   33.5059
   33.5185
   33.5300
   33.5423
   33.5539
   33.5664
   33.5779
   33.5903
   33.6019
   33.6142
   33.6261
   33.6384
   33.6500
   33.6623
   33.6740
   33.6864
   33.6981
   33.7105
   33.7220
   33.7344
   33.7460
   33.7584
   33.7700
   33.7824
   33.7939
   33.8063
   33.8179
   33.8303
   33.8421
   33.8543
   33.8661
   33.8785
   33.8900
   33.9024
   33.9140
   33.9263
   33.9379
   33.9505
   33.9620
   33.9744
   33.9860
   33.9984
   34.0100
   34.0224
   34.0340
   34.0463
   34.0580
   34.0705
   34.0820
   34.0943
   34.1061
   34.1185
   34.1301
   34.1425
   34.1541
   34.1665
   34.1781
   34.1904
   34.2022
   34.2143
   34.2259
   34.2383
   34.2499
   34.2624
   34.2740
   34.2864
   34.2980
   34.3103
   34.3220
   34.3343
   34.3459
   34.3585
   34.3701
   34.3824
   34.3940
   34.4064
   34.4179
   34.4303
   34.4420
   34.4545
   34.4660
   34.4784
   34.4901
   34.5025
   34.5140
   34.5264
   34.5380
   34.5505
   34.5621
   34.5745
   34.5862
   34.5985
   34.6101
   34.6225
   34.6341
   34.6464
   34.6580
   34.6704
   34.6820
   34.6944
   34.7060
   34.7185
   34.7299
   34.7423
   34.7539
   34.7664
   34.7780
   34.7904
   34.8020
   34.8143
   34.8260
   34.8384
   34.8500
   34.8624
   34.8741
   34.8864
   34.8980
   34.9104
   34.9221
   34.9345
   34.9460
   34.9584
   34.9701
   34.9824
   34.9940
   35.0064
   35.0180
   35.0305
   35.0421
   35.0545
   35.0661
   35.0785
   35.0900
   35.1024
   35.1141
   35.1265
   35.1381
   35.1505
   35.1621
   35.1745
   35.1861
   35.1986
   35.2101
   35.2224
   35.2340
   35.2464
   35.2580
   35.2704
   35.2821
   35.2945
   35.3061
   35.3186
   35.3301
   35.3424
   35.3541
   35.3665
   35.3781
   35.3903
   35.4022
   35.4145
   35.4262
   35.4385
   35.4503
   35.4624
   35.4741
   35.4865
   35.4981
   35.5103
   35.5220
   35.5343
   35.5460
   35.5584
   35.5701
   35.5825
   35.5940
   35.6064
   35.6181
   35.6306
   35.6422
   35.6543
   35.6662
   35.6786
   35.6901
   35.7024
   35.7142
   35.7264
   35.7380
   35.7505
   35.7621
   35.7746
   35.7860
   35.7986
   35.8102
   35.8225
   35.8340
   35.8464
   35.8580
   35.8704
   35.8821
   35.8945
   35.9061
   35.9185
   35.9301
   35.9426
   35.9541
   35.9666
   35.9780
   35.9905
   36.0021
   36.0145
   36.0261
   36.0385
   36.0500
   36.0624
   36.0741
   36.0865
   36.0982
   36.1104
   36.1221
   36.1345
   36.1461
   36.1585
   36.1702
   36.1824
   36.1942
   36.2064
   36.2182
   36.2305
   36.2421
   36.2544
   36.2660
   36.2784
   36.2900
   36.3025
   36.3141
   36.3266
   36.3380
   36.3505
   36.3622
   36.3744
   36.3861
   36.3985
   36.4101
   36.4226
   36.4342
   36.4467
   36.4582
   36.4705
   36.4820
   36.4946
   36.5062
   36.5184
   36.5300
   36.5424
   36.5540
   36.5664
   36.5782
   36.5906
   36.6020
   36.6144
   36.6260
   36.6385
   36.6502
   36.6625
   36.6741
   36.6865
   36.6984
   36.7107
   36.7221
   36.7344
   36.7460
   36.7584
   36.7701
   36.7825
   36.7941
   36.8066
   36.8181
   36.8305
   36.8420
   36.8544
   36.8661
   36.8785
   36.8901
   36.9025
   36.9143
   36.9264
   36.9380
   36.9506
   36.9622
   36.9744
   36.9863
   36.9985
   37.0101
   37.0225
   37.0341
   37.0465
   37.0584
   37.0706
   37.0822
   37.0945
   37.1061
   37.1185
   37.1302
   37.1426
   37.1542
   37.1666
   37.1782
   37.1905
   37.2022
   37.2145
   37.2262
   37.2386
   37.2502
   37.2626
   37.2742
   37.2866
   37.2982
   37.3105
   37.3222
   37.3345
   37.3463
   37.3584
   37.3701
   37.3825
   37.3941
   37.4065
   37.4182
   37.4304
   37.4421
   37.4546
   37.4661
   37.4785
   37.4900
   37.5025
   37.5142
   37.5266
   37.5382
   37.5506
   37.5622
   37.5746
   37.5862
   37.5986
   37.6103
   37.6227
   37.6343
   37.6464
   37.6580
   37.6705
   37.6822
   37.6947
   37.7063
   37.7186
   37.7301
   37.7425
   37.7541
   37.7665
   37.7781
   37.7906
   37.8022
   37.8145
   37.8263
   37.8386
   37.8502
   37.8625
   37.8741
   37.8865
   37.8981
   37.9105
   37.9221
   37.9345
   37.9461
   37.9586
   37.9701
   37.9824
   37.9941
   38.0065
   38.0181
   38.0306
   38.0423
   38.0544
   38.0661
   38.0786
   38.0901
   38.1026
   38.1143
   38.1265
   38.1381
   38.1506
   38.1622
   38.1746
   38.1862
   38.1988
   38.2103
   38.2224
   38.2343
   38.2467
   38.2583
   38.2705
   38.2822
   38.2946
   38.3062
   38.3186
   38.3303
   38.3426
   38.3543
   38.3666
   38.3782
   38.3905
   38.4023
   38.4145
   38.4262
   38.4386
   38.4503
   38.4627
   38.4741
   38.4865
   38.4981
   38.5107
   38.5221
   38.5345
   38.5461
   38.5585
   38.5701
   38.5826
   38.5942
   38.6067
   38.6183
   38.6305
   38.6422
   38.6546
   38.6662
   38.6786
   38.6902
   38.7027
   38.7143
   38.7265
   38.7381
   38.7506
   38.7623
   38.7747
   38.7863
   38.7987
   38.8103
