x =

  Columns 1 through 7

    0.9736    0.0034   -0.0189    0.9878   -0.2765    1.7451   -0.3658

  Columns 8 through 10

   -3.0224    8.2176   -1.1301
